0.587334469457
0.00184835310265
0.00184835310265
0.00184835310265
0.00184835310265
100.0
100.0
100.0
0.00184532571836
0.00184532571836
0.00184532571836
0.00184532571836
0.00184532571836
0.00184532571836
0.00184532571836
0.00184532571836
0.00184532571836
0.00184532571836
0.961130443818
0.960918458139
0.960918458139
0.960918458139
0.960918458139
0.960918458139
0.960918458139
0.960918458139
0.960918458139
0.960918458139
0.200186510239
0.00185290500862
0.00185290500862
0.00185290500862
0.00185290500862
0.00185290500862
0.00185290500862
0.00185290500862
0.00185290500862
0.00185290500862
0.00184528846096
0.00184524384833
0.00184524384833
0.00184524384833
0.00184524384833
0.00184524384833
0.00184524384833
0.00184524384833
0.00184524384833
0.00184524384833
0.978755416718
0.978755416718
0.978755416718
0.978755416718
0.978755416718
0.978755416718
0.978755416718
0.978755416718
0.978755416718
0.978755416718
0.796344212192
0.598771127042
0.203228590558
0.0056555054076
0.0056555054076
0.0056555054076
0.0056555054076
0.0056555054076
0.0056555054076
0.0056555054076
0.977369285482
0.966601521696
0.966601521696
0.966601521696
0.966601521696
0.966601521696
0.966601521696
0.966601521696
0.966601521696
0.966601521696
0.197270156967
0.00184680251338
0.0018462552902
0.0018462552902
0.0018462552902
0.0018462552902
0.0018462552902
0.0018462552902
0.0018462552902
0.0018462552902
0.0056555054076
0.0056555054076
0.0056555054076
0.0056555054076
0.0056555054076
0.0056555054076
0.0056555054076
0.0056555054076
0.0056555054076
0.0056555054076
0.398522294141
0.00184905151797
0.00184905151797
0.00184905151797
0.00184905151797
0.00184905151797
0.00184905151797
0.00184905151797
0.00184905151797
0.00184905151797
10.4809726695
0.2807048876
0.0056555054076
0.0056555054076
0.0056555054076
0.0056555054076
0.0056555054076
0.0056555054076
0.0056555054076
0.0056555054076
0.0056555054076
0.0056555054076
0.0056555054076
0.0056555054076
0.0056555054076
0.0056555054076
0.0056555054076
0.0056555054076
0.0056555054076
0.0056555054076
0.0056555054076
0.0056555054076
0.0056555054076
0.0056555054076
0.0056555054076
0.0056555054076
0.0056555054076
0.0056555054076
0.0056555054076
0.0056555054076
0.0056555054076
0.0056555054076
0.0056555054076
0.0056555054076
0.0056555054076
0.0056555054076
0.0056555054076
0.0056555054076
0.0056555054076
0.0056555054076
0.0056555054076
0.0056555054076
0.0056555054076
0.0056555054076
0.0056555054076
0.0056555054076
0.0056555054076
0.0056555054076
0.0056555054076
0.0056555054076
0.0056555054076
0.0056555054076
0.0056555054076
0.0056555054076
0.0056555054076
0.0056555054076
0.0056555054076
0.0056555054076
0.0056555054076
0.0056555054076
0.0056555054076
0.0056555054076
0.0056555054076
0.0056555054076
0.0056555054076
0.0056555054076
0.0056555054076
0.0056555054076
0.0056555054076
0.0056555054076
0.0056555054076
0.0056555054076
0.0056555054076
0.0056555054076
0.0056555054076
0.0056555054076
0.0056555054076
0.0056555054076
0.0056555054076
0.0056555054076
0.0056555054076
0.0056555054076
0.0056555054076
0.0056555054076
0.0056555054076
0.0056555054076
0.0056555054076
0.0056555054076
0.0056555054076
0.0056555054076
0.0056555054076
0.0056555054076
0.0056555054076
0.0056555054076
0.0056555054076
0.0056555054076
0.0056555054076
0.0056555054076
0.0056555054076
0.0056555054076
25.0042416291
0.0056555054076
0.0056555054076
0.0056555054076
0.0056555054076
0.0056555054076
0.0056555054076
0.0056555054076
0.0056555054076
0.0056555054076
0.00617945249754
0.0056555054076
0.0056555054076
0.0056555054076
0.0056555054076
0.0056555054076
0.0056555054076
0.0056555054076
0.0056555054076
0.0056555054076
0.33710469350560146
0.005655505407601826
0.005655505407601826
0.005655505407601826
0.005655505407601826
0.005655505407601826
0.005655505407601826
0.005655505407601826
0.005655505407601826
0.005655505407601826
0.4508215321392883
0.0077513005466225676
0.0077513005466225676
0.0077513005466225676
0.0077513005466225676
0.0077513005466225676
0.0077513005466225676
0.0077513005466225676
0.0077513005466225676
0.0077513005466225676
0.26354372167087275
0.005808653504016311
0.005655505407601836
0.005655505407601836
0.005655505407601836
0.005655505407601836
0.005655505407601836
0.005655505407601836
0.005655505407601836
0.005655505407601836
0.27385710014899933
0.00764873206606876
0.007637336321479666
0.007637336321479666
0.007637336321479666
0.007637336321479666
0.007637336321479666
0.007637336321479666
0.007637336321479666
0.007637336321479666
0.40017425356857234
0.005655505407601826
0.005655505407601826
0.005655505407601826
0.005655505407601826
0.005655505407601826
0.005655505407601826
0.005655505407601826
0.005655505407601826
0.005655505407601826
0.8413773768148681
0.8371646460257136
0.8350728729561567
0.8350728729561567
0.8350728729561567
0.8350728729561567
0.8350728729561567
0.8350728729561567
0.8350728729561567
0.8350728729561567
10.783746197188014
0.8413741988378269
0.8403348139712985
0.8403348139712985
0.8403348139712985
0.8403348139712985
0.8403348139712985
0.8403348139712985
0.8403348139712985
0.8403348139712985
2.506792414309663
0.09046652569220315
0.005666210655329362
0.005655505407601826
0.005655505407601826
0.005655505407601826
0.005655505407601826
0.005655505407601826
0.005655505407601826
0.005655505407601826
0.2095328480537936
0.0060446617873546335
0.005666210655329362
0.005655505407601826
0.005655505407601826
0.005655505407601826
0.005655505407601826
0.005655505407601826
0.005655505407601826
0.005655505407601826
0.3993762708625615
0.006102435251755755
0.005655505407601826
0.005655505407601826
0.005655505407601826
0.005655505407601826
0.005655505407601826
0.005655505407601826
0.005655505407601826
0.005655505407601826
0.2731040834272406
0.006658925585996178
0.006190767793978565
0.006190767793978565
0.006190767793978565
0.006190767793978565
0.006190767793978565
0.006190767793978565
0.006190767793978565
0.006190767793978565
0.7440486037700582
0.26595373884873086
0.09496349408122222
0.007751293767370609
0.007751293767370609
0.007751293767370609
0.007751293767370609
0.007751293767370609
0.007751293767370609
0.007751293767370609
0.3574527813496287
0.006912978423463096
0.0058650842435787045
0.005655505407601826
0.005655505407601826
0.005655505407601826
0.005655505407601826
0.005655505407601826
0.005655505407601826
0.005655505407601826
0.5104182325908685
0.007747974021260017
0.007747974021260017
0.007747974021260017
0.007747974021260017
0.007747974021260017
0.007747974021260017
0.007747974021260017
0.007747974021260017
0.007747974021260017
0.44321294847505577
0.032762310081051745
0.00570903164623951
0.005655505407601836
0.005655505407601836
0.005655505407601836
0.005655505407601836
0.005655505407601836
0.005655505407601836
0.005655505407601836
0.0
0.0
0.0
0.0
138.2
100.0
100.0
100.0
100.0
100.0
100.0
100.0
100.0
100.0
100.0
100.0
100.0
100.0
100.0
100.0
100.0
100.0
100.0
100.0
329.2
176.4
100.0
100.0
100.0
100.0
100.0
100.0
100.0
100.0
182.2
0.0
0.0
832.6
482.0
482.0
482.0
482.0
482.0
482.0
482.0
482.0
482.0
361.5
241.0
241.0
241.0
241.0
289.2
241.0
289.2
241.0
241.0
18937.0
1954.0
1954.0
1954.0
1954.0
1954.0
1954.0
1954.0
1954.0
1954.0
20545.3
2543.0
1623.0
1623.0
1623.0
1623.0
1623.0
1623.0
1623.0
1623.0
5029598.81
14032563.82
10052707.6
100000000.0
100000000.0
100000000.0
100000000.0
100000000.0
nan
nan
nan
nan
100000000.0
242.0
242.0
242.0
242.0
242.0
35235.2
242.0
242.0
242.0
242.0
242.0
242.0
242.0
242.0
242.0
242.0
242.0
242.0
242.0
242.0
242.0
242.0
242.0
242.0
242.0
1.84467440737e+18
58564.0
58564.0
58564.0
58564.0
1003776532.4
975545408.0
975545408.0
975545408.0
975545408.0
nan
nan
nan
nan
nan
58564.0
58564.0
58564.0
58564.0
58564.0
58564.0
58564.0
58564.0
58564.0
58564.0
9.223372041598856e+17
58564.0
58564.0
58564.0
58564.0
3.3966842151173473e+18
7.579688708739604e+17
9.234665524128845e+16
2298.597520928641
1494.4572396505528
1443.928864485152
1309.8957196159893
1169.058861809313
1164.9766340468007
1164.9766340468007
2.1413377936850752e+18
2.9722507847478074e+17
2.9722507847478074e+17
2.9722507847478074e+17
2.9722507847478074e+17
